000010
000016
000533
000534
000656
000777
000795
000811
000880
000905
000933
000951
000962
001231
001277
001313
002041
002050
002062
002068
002117
002119
002170
002187
002190
002213
002225
002245
002335
002346
002361
002384
002463
002518
002536
002552
002571
002629
002730
002733
002738
002765
002837
002851
002881
002896
002916
002918
002927
002942
002946
002989
300007
300115
300154
300383
300436
300476
300493
300548
300570
300615
300641
300660
300669
300684
300693
300697
300715
300829
300870
300876
300913
300938
300959
300989
300990
301001
301018
301027
301061
301067
301076
301110
301157
301187
301252
301285
301291
301377
301439
301550
301568
301606
600080
600126
600259
600378
600397
600398
600405
600576
600580
600618
600664
600698
600711
600714
600722
600789
600808
600858
600967
601226
601689
603045
603070
603089
603118
603121
603199
603228
603269
603306
603308
603315
603379
603516
603612
603629
603683
603719
603790
603890
603893
603920
603950
603986
605060
605080
605117
605118
605196
605333
605378
605555
605580
605598
688041
688141
688160
688168
688200
688220
688256
688278
688279
688300
688313
688426
688535
688629
688633
688668
688676
688981